1890 61 89
1920 62 359
1920 57 359
2280 62 359
2280 57 359
2640 60 239
2640 55 239
2880 62 359
2880 57 359
3240 62 359
3240 57 359
3600 60 239
3600 55 239
3840 62 359
3840 57 359
3840 65 719
4200 62 599
4200 57 599
4560 60 719
4560 55 719
4800 62 479
5280 62 479
5280 57 479
5280 67 479
5760 62 359
5760 57 359
4800 57 1679
5760 69 719
6120 62 599
6120 57 599
6480 60 239
6720 62 359
6720 57 359
7080 62 359
7080 57 359
7440 60 239
7440 55 239
7680 62 479
7680 57 479
8160 65 479
8160 60 479
8640 67 479
8640 62 479
9120 69 479
9120 62 479
9600 67 239
9600 60 239
9840 69 239
10080 62 119
10200 60 119
10320 62 119
10440 60 119
10560 67 239
10800 69 239
11040 62 119
11160 60 119
11280 62 119
11400 60 119
11520 67 239
11760 69 239
12000 62 119
12120 60 119
12240 62 119
12360 60 119
12480 65 239
12720 64 79
12800 65 79
12880 64 79
12960 62 239
13200 60 239
13440 67 239
13440 60 239
13680 69 239
13920 62 119
14040 60 119
14160 62 119
14280 60 119
14400 67 239
14640 69 239
14880 62 119
15000 60 119
15120 62 119
6480 55 8849
15240 60 119
15300 62 59
15360 67 239
15600 69 239
15840 72 239
16080 77 239
16080 69 239
16320 76 119
16320 69 119
16440 77 119
16560 76 119
16680 74 119
16800 72 239
17040 69 239
17280 67 239
17280 60 239
17520 69 239
17760 62 119
17880 60 119
18000 62 119
18120 60 119
18240 67 239
18480 69 239
18720 62 119
18840 60 119
18960 62 119
19080 60 119
19200 67 239
19440 69 239
19680 62 119
19800 60 119
19920 62 119
20040 60 119
20160 65 239
20400 64 79
20480 65 79
20560 64 79
20640 62 239
20880 60 239
21120 62 239
21360 60 119
21480 62 119
21600 65 239
21840 62 119
21960 65 119
22080 67 239
22320 67 119
22440 69 119
22560 72 119
22680 77 119
22800 69 119
22920 72 119
23040 77 239
23280 76 79
23360 77 79
23440 76 79
23520 74 239
23760 72 239
24000 74 239
24240 72 239
24480 74 239
24480 72 239
24720 77 239
24720 72 239
24960 79 239
24960 72 239
25200 81 239
25440 74 119
25560 72 119
25680 74 119
25800 72 119
25920 79 239
26160 81 239
26400 74 119
26520 72 119
26640 74 119
26760 72 119
26880 79 239
27120 81 239
27360 74 119
27480 72 119
27600 74 119
27720 72 119
27840 77 239
28080 76 79
28160 77 79
28240 76 79
28320 74 239
28560 72 239
28800 79 239
28800 72 239
29040 81 239
29280 74 119
29400 72 119
29520 74 119
29640 72 119
29760 79 239
30000 81 239
30240 74 119
30360 72 119
30480 74 119
15330 65 15359
30600 72 119
30660 74 59
30720 79 239
30960 81 239
31200 84 239
31440 89 239
31440 81 239
31680 88 119
31680 81 119
31800 89 119
31920 88 119
32040 86 119
32160 84 239
32400 81 239
32640 79 239
32640 72 239
32880 81 239
33120 74 119
33240 72 119
33360 74 119
33480 72 119
33600 79 239
33840 81 239
34080 74 119
34200 72 119
34320 74 119
34440 72 119
34560 79 239
34800 81 239
35040 74 119
35160 72 119
35280 74 119
35400 72 119
35520 77 239
35760 76 79
35840 77 79
35920 76 79
36000 74 239
36240 72 239
36480 79 239
36480 74 239
36720 81 119
36840 84 119
36960 86 119
37080 84 119
37200 81 119
37320 79 119
37440 74 239
37680 77 239
37920 79 239
37920 74 239
38160 81 239
38160 74 239
38400 74 359
38400 69 359
38760 74 359
38760 69 359
39120 72 239
39120 67 239
39360 74 239
39360 69 239
39600 72 47
39648 71 47
39696 69 47
39744 67 47
39792 65 47
39840 64 47
39888 62 47
39936 60 47
39984 59 47
40032 57 47
40320 62 239
40320 57 239
40800 62 359
40800 57 359
41160 60 119
41280 62 239
41520 65 239
41760 65 239
42000 67 239
42240 62 239
42240 57 239
42720 62 359
42720 57 359
43080 60 119
43200 62 239
43440 60 239
43680 57 239
43920 60 239
44160 62 239
44160 57 239
44640 62 359
44640 57 359
45000 60 119
45120 60 239
45360 62 239
45600 65 239
45840 67 239
46080 69 479
46080 62 479
46560 67 239
46560 62 239
46800 69 119
46920 67 119
47040 65 239
47520 62 479
48000 62 359
48000 57 359
48360 62 119
48360 57 119
48480 62 359
48480 57 359
48840 60 119
48960 60 239
49200 62 239
49440 65 239
49680 67 239
49920 62 239
49920 57 239
50400 62 359
50400 57 359
50760 60 119
50880 62 239
51120 60 239
51360 57 239
51600 60 239
51840 62 239
51840 57 239
52320 62 359
52320 57 359
52680 60 119
52800 60 239
53040 62 239
53280 65 239
53520 67 239
53760 69 479
53760 62 479
54240 67 239
54240 62 239
54480 69 119
54600 67 119
54720 65 239
55200 62 479
55200 57 479
55680 65 479
55680 62 479
55680 60 479
55680 57 479
56160 64 479
56160 60 479
56160 57 479
56640 62 479
56640 58 479
56640 53 479
57120 60 479
57120 53 479
57600 60 239
57600 53 239
57840 62 119
57960 60 119
58080 57 239
58320 55 239
58560 57 959
59520 58 239
59520 55 239
59760 58 239
59760 55 239
60000 62 479
60000 58 479
60000 55 479
60480 67 479
60480 60 479
60480 55 479
60960 64 479
60960 60 479
60960 55 479
61440 65 479
61440 62 479
61440 60 479
61440 57 479
61920 64 239
61920 57 239
62160 60 239
62400 62 959
62400 57 959
63360 65 479
63360 62 479
63360 60 479
63360 57 479
63840 64 479
63840 60 479
63840 57 479
64320 62 479
64320 58 479
64320 53 479
64800 60 479
64800 53 479
65280 60 239
65280 53 239
65520 62 119
65640 60 119
65760 57 239
66000 55 239
66240 57 479
66720 57 239
66960 60 239
67200 62 239
67200 59 239
67200 55 239
67440 62 239
67440 59 239
67440 55 239
67920 62 239
67920 59 239
67920 55 239
68160 65 479
68160 62 479
68160 59 479
68640 67 479
68640 62 479
68640 59 479
69120 64 959
69120 61 959
69120 57 959
70560 62 239
70560 50 239
70800 65 239
70800 53 239
71040 67 359
71040 55 359
71400 67 359
71400 55 359
71760 69 239
71760 57 239
72000 69 719
72000 62 719
72000 57 719
72720 69 239
72720 62 239
72720 57 239
72960 72 239
72960 64 239
73200 74 239
73440 67 239
73680 65 239
73920 69 479
73920 65 479
73920 60 479
74400 62 239
74640 65 239
74880 67 359
74880 62 359
75240 67 359
75240 62 359
75600 69 239
75600 65 239
75600 62 239
75840 69 719
75840 65 719
75840 62 719
76560 69 239
76560 65 239
76560 62 239
76800 70 239
76800 60 239
77040 69 239
77040 60 239
77280 67 239
77280 60 239
77520 65 239
77520 60 239
77760 65 479
77760 60 479
77760 57 479
78240 62 239
78480 65 239
78720 67 359
78720 62 359
79080 67 359
79080 62 359
79440 69 239
79440 65 239
79440 62 239
79680 69 719
79680 65 719
79680 62 719
80400 69 239
80400 65 239
80400 62 239
80640 72 239
80640 64 239
80880 74 239
81120 67 239
81360 65 239
81600 69 479
81600 65 479
81600 60 479
82080 62 239
82320 65 239
82560 70 479
82560 62 479
83040 69 479
83040 62 479
83520 67 479
83520 64 479
83520 60 479
84000 65 479
84000 60 479
84480 67 239
84480 60 239
84720 69 239
84960 64 239
84960 60 239
85200 60 239
85440 62 479
85920 74 239
85920 62 239
86160 77 239
86160 65 239
86400 79 359
86400 74 359
86400 67 359
86760 79 359
86760 74 359
86760 67 359
87120 81 239
87120 74 239
87120 69 239
87360 81 719
87360 74 719
87360 69 719
88080 81 239
88080 74 239
88080 69 239
88320 84 239
88320 76 239
88560 86 239
88800 79 239
89040 77 239
89280 81 479
89280 77 479
89280 72 479
89760 74 239
90000 77 239
90240 79 359
90240 74 359
90600 79 359
90600 74 359
90960 81 239
90960 77 239
90960 74 239
91200 81 719
91200 77 719
91200 74 719
91920 81 239
91920 77 239
91920 74 239
92160 82 239
92160 72 239
92400 81 239
92400 72 239
92640 79 239
92640 72 239
92880 77 239
92880 72 239
93120 77 479
93120 72 479
93120 69 479
93600 74 239
93840 77 239
94080 79 359
94080 74 359
94440 79 359
94440 74 359
94800 81 239
94800 77 239
94800 74 239
95040 81 719
95040 77 719
95040 74 719
95760 81 239
95760 77 239
95760 74 239
96000 84 239
96000 76 239
96240 86 239
96480 79 239
96720 77 239
96960 81 479
96960 77 479
96960 72 479
97440 74 239
97680 77 239
97920 82 479
97920 74 479
98400 81 479
98400 74 479
98880 79 479
98880 76 479
98880 72 479
99360 77 479
99360 72 479
99840 79 239
99840 74 239
100080 77 239
100320 81 239
100560 84 239
100800 86 239
100800 81 239
100800 77 239
101040 84 33
101074 83 33
101108 81 33
101142 79 33
101176 77 33
101210 76 33
101244 74 33
101278 72 33
101312 71 33
101346 69 33
101380 67 33
101414 65 33
101448 64 33
101482 62 33
101760 79 239
101760 72 239
102000 81 239
102240 74 119
102360 72 119
102480 74 119
102600 72 119
102720 79 239
102960 81 239
103200 74 119
103320 72 119
103440 74 119
103560 72 119
103680 79 239
103920 81 239
104160 74 119
104280 72 119
104400 74 119
104520 72 119
104640 77 239
104880 76 79
104960 77 79
105040 76 79
105120 74 239
105360 72 239
105600 79 239
105600 72 239
105840 81 239
106080 74 119
106200 72 119
106320 74 119
106440 72 119
106560 79 239
106800 81 239
107040 74 119
107160 72 119
107280 74 119
30690 77 76799
107400 72 119
107460 74 59
107520 79 239
107760 81 239
108000 84 239
108240 89 239
108240 81 239
108480 88 119
108480 81 119
108600 89 119
108720 88 119
108840 86 119
108960 84 239
109200 81 239
109440 79 239
109440 72 239
109680 81 239
109920 74 119
110040 72 119
110160 74 119
110280 72 119
110400 79 239
110640 81 239
110880 74 119
111000 72 119
111120 74 119
111240 72 119
111360 79 239
111600 81 239
111840 74 119
111960 72 119
112080 74 119
112200 72 119
112320 77 239
112560 76 79
112640 77 79
112720 76 79
112800 74 239
113040 72 239
113280 79 119
113280 74 119
113400 77 119
113520 81 119
113640 84 119
113760 86 119
113880 84 119
114000 81 119
114120 79 119
114240 74 239
114480 77 239
114720 79 239
114720 74 239
114960 81 239
114960 74 239
115200 74 359
115200 69 359
115560 74 359
115560 69 359
115920 72 239
115920 67 239
116160 74 239
116160 69 239
116400 72 47
116448 71 47
116496 69 47
116544 67 47
116592 65 47
116640 64 47
116688 62 47
116736 60 47
116784 59 47
116832 57 47
117120 62 479
117600 62 359
117960 60 119
118080 62 239
118320 65 239
118560 65 239
118800 67 239
119040 62 239
119040 57 239
119520 62 359
119520 57 359
119880 60 119
120000 62 239
120240 60 239
120480 57 239
120720 60 239
120960 62 239
120960 57 239
121440 62 359
121440 57 359
121800 60 119
121920 60 239
122160 62 239
122400 65 239
122640 67 239
122880 74 239
122880 68 239
123360 74 239
123360 67 239
123600 68 119
123720 67 119
123840 65 479
124320 64 479
124320 60 479
124800 62 479
124800 57 479
125280 62 359
125280 57 359
125640 60 119
125760 60 239
126000 62 239
126240 65 239
126480 67 239
126720 62 479
126720 57 479
127200 62 359
127200 57 359
127560 60 119
127680 62 239
127920 60 239
128160 57 239
128400 60 239
128640 62 479
128640 57 479
129120 62 359
129120 57 359
129480 60 119
129600 60 239
129840 62 239
130080 65 239
130320 67 239
130560 69 479
130560 62 479
131040 67 239
131040 62 239
131280 69 119
131400 67 119
131520 65 239
132000 62 479
132000 57 479
132480 65 479
132480 62 479
132480 60 479
132480 57 479
132960 64 479
132960 60 479
132960 57 479
133440 62 479
133440 58 479
133440 53 479
133920 60 479
133920 53 479
134400 60 239
134400 53 239
134640 62 119
134760 60 119
134880 57 239
135120 55 239
135360 57 959
136320 58 239
136320 55 239
136560 58 239
136560 55 239
136800 62 479
136800 58 479
136800 55 479
137280 67 479
137280 61 479
137280 57 479
137760 64 479
137760 61 479
137760 57 479
138240 65 239
138240 62 239
138240 60 239
138240 57 239
138480 60 119
138600 61 119
138720 62 119
138840 65 119
138960 67 119
139080 65 119
139200 68 119
139320 67 119
139440 65 119
139560 67 119
139680 74 119
139800 68 119
139920 67 119
140040 62 119
140160 65 479
140160 60 479
140640 64 479
140640 60 479
141120 62 479
141120 60 479
141600 60 479
142080 60 239
142080 57 239
142080 53 239
142320 62 119
142440 60 119
142560 57 239
142800 55 239
143040 57 479
143520 57 239
143760 60 239
144000 62 239
144000 59 239
144000 55 239
144240 62 239
144240 59 239
144240 55 239
144720 62 239
144720 59 239
144720 55 239
144960 65 479
144960 62 479
144960 59 479
145440 67 479
145440 62 479
145440 59 479
145920 64 959
145920 61 959
145920 57 959
147360 62 239
147360 50 239
147600 65 239
147600 53 239
147840 67 359
147840 55 359
148200 67 359
148200 55 359
148560 69 239
148560 57 239
148800 69 719
148800 62 719
148800 57 719
149520 69 239
149520 62 239
149520 57 239
149760 72 239
149760 64 239
150000 74 239
150240 67 239
150480 65 239
150720 69 479
150720 65 479
150720 60 479
151200 62 239
151440 65 239
151680 67 359
151680 62 359
152040 67 359
152040 62 359
152400 69 239
152400 65 239
152400 62 239
152640 69 719
152640 65 719
152640 62 719
153360 69 239
153360 65 239
153360 62 239
153600 70 239
153600 60 239
153840 69 239
153840 60 239
154080 67 239
154080 60 239
154320 65 239
154320 60 239
154560 65 479
154560 60 479
154560 57 479
155040 62 239
155280 65 239
155520 67 359
155520 62 359
155880 67 359
155880 62 359
156240 69 239
156240 65 239
156240 62 239
156480 69 719
156480 65 719
156480 62 719
157200 69 239
157200 65 239
157200 62 239
157440 72 239
157440 64 239
157680 74 239
157920 67 239
158160 65 239
158400 69 479
158400 65 479
158400 60 479
158880 62 239
159120 65 239
159360 70 479
159360 62 479
159840 69 479
159840 62 479
160320 67 479
160320 64 479
160320 60 479
160800 65 479
160800 60 479
161280 67 239
161280 60 239
161520 69 239
161760 64 239
161760 60 239
162000 60 239
162240 62 479
162720 74 239
162720 62 239
162960 77 239
162960 65 239
163200 79 359
163200 74 359
163200 67 359
163560 79 359
163560 74 359
163560 67 359
163920 81 239
163920 74 239
163920 69 239
164160 81 719
164160 74 719
164160 69 719
164880 81 239
164880 74 239
164880 69 239
165120 84 239
165120 76 239
165360 86 239
165600 79 239
165840 77 239
166080 81 479
166080 77 479
166080 72 479
166560 74 239
166800 77 239
167040 79 359
167040 74 359
167400 79 359
167400 74 359
167760 81 239
167760 77 239
167760 74 239
168000 81 719
168000 77 719
168000 74 719
168720 81 239
168720 77 239
168720 74 239
168960 82 239
168960 72 239
169200 81 239
169200 72 239
169440 79 239
169440 72 239
169680 77 239
169680 72 239
169920 77 479
169920 72 479
169920 69 479
170400 74 239
170640 77 239
170880 79 359
170880 74 359
171240 79 359
171240 74 359
171600 81 239
171600 77 239
171600 74 239
171840 81 719
171840 77 719
171840 74 719
172560 81 239
172560 77 239
172560 74 239
172800 84 239
172800 76 239
173040 86 239
173280 79 239
173520 77 239
173760 81 479
173760 77 479
173760 72 479
174240 74 239
174480 77 239
174720 82 479
174720 74 479
175200 81 479
175200 74 479
175680 79 479
175680 76 479
175680 72 479
176160 77 479
176160 72 479
176640 79 239
176640 74 239
176880 77 239
177120 81 239
177360 84 239
177600 86 239
177600 81 239
177840 84 39
177880 83 39
177920 81 39
177960 79 39
178000 77 39
178040 76 39
178080 74 39
178120 72 39
178160 70 39
178200 69 39
178240 67 39
178280 65 39
178500 85 59
178560 86 239
178560 81 239
178800 86 239
178800 81 239
179040 86 239
179040 81 239
179280 86 239
179280 81 239
179520 86 239
179520 81 239
179760 86 239
179760 81 239
180000 86 119
180000 81 119
180120 84 119
107490 77 72989
180240 81 239
180480 79 239
180480 74 239
180720 79 239
180720 74 239
180960 79 239
180960 74 239
181200 79 239
181200 74 239
181440 79 239
181440 74 239
181680 79 239
181680 74 239
181920 79 119
181920 74 119
182040 77 119
180420 78 1979
182160 74 239
182400 74 239
182400 69 239
182640 74 239
182640 69 239
182880 74 239
182880 69 239
183120 74 239
183120 69 239
183360 74 239
183360 69 239
183600 74 239
183600 69 239
183840 74 119
183840 69 119
183960 72 119
184080 69 239
184320 67 239
184320 60 239
184560 69 119
184680 67 119
184800 69 119
184920 72 119
185040 74 119
185160 77 119
185280 79 95
185376 80 95
185472 81 95
185568 84 95
185664 89 95
185760 88 119
185880 81 119
186000 86 239
186240 81 119
186360 77 119
186480 74 119
186600 81 239
186840 81 119
186960 77 119
187080 74 119
187200 81 119
187320 77 119
187440 74 119
187560 81 239
187800 81 119
187920 77 119
188040 74 119
188160 82 119
188280 79 119
188400 75 119
188520 82 239
188760 82 119
188880 79 119
189000 75 119
189120 82 119
189240 79 119
189360 75 119
189480 82 239
189720 82 119
189840 79 119
189960 75 119
190080 82 119
190200 77 119
190320 74 119
190440 82 239
190680 82 119
190800 77 119
190920 74 119
191040 82 119
191160 77 119
191280 74 119
191400 82 239
191640 82 119
191760 77 119
191880 74 119
192000 79 119
192120 76 119
192240 72 119
192360 79 239
192600 79 119
192720 76 119
192840 72 119
192960 81 67
193028 76 67
193096 73 67
193164 69 67
193232 73 67
193300 76 67
193368 81 67
193440 81 67
193508 85 67
193576 88 67
193644 93 67
193712 88 67
193780 85 67
193848 81 67
193920 81 119
193920 79 119
194040 77 119
194160 74 119
194280 81 119
194280 79 119
194400 86 95
194496 81 95
194592 79 95
194688 77 95
194784 74 95
194880 81 119
194880 79 119
195000 77 119
195120 74 119
195240 81 119
195240 79 119
195360 89 119
195480 86 119
195600 81 119
195720 77 119
195840 82 119
195960 79 119
196080 75 119
196200 82 119
196320 86 119
196440 82 119
196560 79 119
196680 75 119
196800 82 119
196920 81 119
197040 79 119
197160 75 119
197280 91 119
197400 86 119
197520 82 119
197640 79 119
197760 86 79
197840 84 79
197920 82 79
198000 77 79
198080 82 79
198160 84 79
198240 89 95
198336 86 95
198432 84 95
198528 82 95
198624 77 95
198720 94 119
198840 91 119
198960 89 119
199080 86 119
199200 82 119
199320 79 119
199440 77 119
199560 74 119
199680 67 119
199800 64 119
199920 60 119
200040 72 119
200160 67 119
200280 64 119
200400 60 239
200640 69 239
200640 64 239
200640 61 239
200640 57 239
200880 50 35
200916 52 35
200952 53 35
200988 55 35
201024 57 35
201060 59 35
201096 60 35
201132 62 35
201168 64 35
201204 65 35
201240 67 35
201276 69 35
201312 71 35
201348 72 35
201384 74 35
201420 76 35
201456 77 35
201492 79 35
201528 81 71
201840 69 359
201840 65 359
201840 62 359
202200 69 359
202200 65 359
202200 62 359
202560 67 359
202560 60 359
202920 65 359
202920 60 359
203280 64 239
203280 60 239
203520 64 119
203640 65 119
203760 64 119
203880 60 119
204000 57 119
204120 56 119
204240 57 119
204360 60 119
204480 57 95
204576 60 95
204672 62 95
204768 65 95
204864 62 95
204960 65 119
205080 66 119
205200 67 119
205320 68 119
205440 69 599
205440 62 599
206040 69 359
206040 62 359
206400 72 359
206400 64 359
206760 67 359
206760 64 359
207120 70 239
207120 64 239
207360 70 359
207360 64 359
207720 69 359
208080 67 119
208200 68 119
208320 69 239
208560 72 239
208800 74 239
209040 72 239
209280 74 239
209520 77 239
209520 65 239
209760 79 239
209760 67 239
210000 77 239
210000 65 239
210240 86 359
210240 80 359
210240 79 359
210600 86 359
210600 79 359
210960 77 239
211200 86 239
211440 86 239
211440 80 239
211680 86 239
211680 79 239
211920 77 239
212160 86 239
212160 79 239
212400 77 119
212520 74 239
212760 74 119
212880 72 239
182340 73 31649
213120 77 909
213120 74 949
213120 72 959
213960 69 119
214000 72 79
214080 77 359
214080 69 359
214440 76 359
214440 69 359
214800 72 239
214800 69 239
215040 74 359
215040 69 359
215400 74 359
215400 69 359
215760 72 239
215760 67 239
216000 74 239
216000 69 239
216240 72 47
216288 71 47
216336 69 47
216384 67 47
216432 65 47
216480 64 47
216528 62 47
216576 60 47
216624 58 47
216672 57 47
216960 77 479
216960 74 479
216960 72 479
216960 69 479
217440 76 479
217440 72 479
217440 69 479
217920 74 479
217920 70 479
217920 65 479
218400 72 479
218400 65 479
218880 72 239
218880 65 239
219120 74 119
219240 72 119
219360 69 239
219600 67 239
219840 69 959
220800 70 239
220800 67 239
221040 70 239
221040 67 239
221280 74 479
221280 70 479
221280 67 479
221760 79 479
221760 73 479
221760 69 479
222240 76 479
222720 77 239
222720 74 239
222720 72 239
222960 86 239
222960 74 239
223200 85 239
223200 73 239
223440 84 239
223440 72 239
223680 81 239
223680 69 239
223920 80 239
223920 68 239
224160 79 239
224160 67 239
224400 78 239
224400 66 239
224640 77 479
224640 74 479
224640 72 479
224640 69 479
225120 76 479
225120 72 479
225120 69 479
225600 74 479
225600 70 479
225600 65 479
226080 72 479
226080 65 479
226560 72 239
226560 65 239
226800 74 119
226920 72 119
227040 69 239
227280 67 239
227520 69 479
228000 69 239
228240 72 239
228480 74 239
228480 71 239
228480 67 239
228720 74 239
228720 71 239
228720 67 239
229200 74 239
229200 71 239
229200 67 239
229440 77 479
229440 74 479
229440 71 479
229920 79 479
229920 74 479
229920 71 479
230400 76 959
230400 73 959
230400 69 959
231840 74 239
232080 77 239
232320 79 359
232320 74 359
232320 69 359
232680 79 359
232680 74 359
232680 69 359
233040 81 239
233040 74 239
233040 69 239
233280 81 719
233280 74 719
233280 69 719
234000 81 239
234000 74 239
234000 69 239
234240 84 239
234240 76 239
234480 86 239
234720 79 239
234960 77 239
235200 81 479
235200 77 479
235200 72 479
235680 74 239
235920 77 239
236160 79 359
236160 74 359
236520 79 359
236520 74 359
236880 81 239
236880 77 239
236880 74 239
237120 81 719
237120 77 719
237120 74 719
237840 81 239
237840 77 239
237840 74 239
238080 82 239
238080 72 239
238320 81 239
238560 79 239
238800 77 239
239040 77 479
239040 72 479
239520 74 239
239760 77 239
240000 79 359
240000 74 359
240360 79 359
240360 74 359
240720 81 239
240720 77 239
240720 74 239
240960 81 719
240960 77 719
240960 74 719
241680 81 239
241680 77 239
241680 74 239
241920 84 239
241920 76 239
242160 86 239
242400 79 239
242640 77 239
242880 81 479
242880 77 479
242880 72 479
243360 74 239
243600 77 239
243840 82 479
243840 74 479
244320 81 479
244320 74 479
244800 79 479
244800 76 479
244800 72 479
245280 77 479
245280 72 479
