14000 293665 999
14750 440000 749
15250 293665 499
15500 369994 499
15750 293665 499
16000 329628 499
16250 554365 499
16500 293665 499
16750 440000 749
17250 293665 499
17500 329628 499
17750 293665 499
18000 293665 499
18250 493883 499
18500 293665 499
18750 391995 499
19250 293665 499
19500 293665 499
19750 293665 499
20000 277183 499
20250 440000 499
20500 277183 499
20750 329628 499
21000 293665 499
21250 277183 499
21500 246942 499
21750 440000 499
22000 293665 499
22250 293665 499
22500 369994 499
22750 440000 499
22750 369994 499
23500 369994 499
23750 293665 499
24000 329628 499
24250 554365 499
24500 293665 499
24750 440000 749
25250 293665 499
25500 329628 499
25750 293665 499
26000 293665 499
26250 493883 499
26500 293665 499
26750 391995 499
27250 293665 499
27500 293665 499
27750 293665 499
28000 277183 499
28250 440000 499
28500 277183 499
28750 329628 499
29000 293665 499
29250 277183 499
29500 246942 499
29750 440000 499
29750 220000 499
30000 293665 499
30250 293665 499
30500 369994 499
30500 293665 499
30750 440000 499
30750 369994 499
31500 369994 499
31750 293665 499
32000 329628 499
32250 554365 499
32500 293665 499
32750 440000 749
33250 293665 499
33500 329628 499
33750 293665 499
34000 293665 499
34250 493883 499
34500 293665 499
34750 391995 499
35250 293665 499
35500 293665 499
35750 293665 499
36000 277183 499
36250 440000 499
36500 277183 499
36750 329628 499
37000 293665 499
37250 277183 499
37500 246942 499
37750 440000 499
37750 220000 499
38000 293665 499
38250 293665 499
38500 369994 499
38500 293665 499
38750 440000 499
38750 369994 499
39500 369994 499
39750 293665 499
40000 440000 499
40000 329628 499
40250 554365 499
40500 554365 499
40750 493883 499
41000 440000 499
41250 329628 499
41250 293665 499
41500 554365 499
41500 440000 499
41750 293665 499
42000 391995 499
42250 293665 499
42500 246942 499
42750 369994 499
43000 391995 499
43000 293665 499
43250 246942 499
43500 493883 499
43500 329628 499
43750 246942 499
44000 277183 499
44250 277183 499
44500 440000 499
44500 277183 499
44750 369994 499
44750 329628 499
45000 293665 499
45250 277183 499
45500 329628 499
45500 246942 499
45750 220000 499
46000 293665 749
46500 587330 499
46500 293665 499
46750 440000 499
46750 369994 499
47000 440000 749
47500 369994 499
47750 293665 499
48000 329628 499
48250 554365 499
48500 293665 499
48750 440000 749
49250 293665 499
49500 329628 499
49750 293665 499
50000 293665 499
50250 493883 499
50500 293665 499
50750 391995 499
51500 293665 749
52000 329628 999
52000 277183 999
52750 293665 499
53000 277183 499
53250 246942 499
53500 220000 499
53750 195998 499
54000 391995 999
54000 246942 999
54000 195998 999
54000 146832 999
54000 97999 999
54750 391995 499
55000 369994 499
55250 293665 499
55500 246942 749
56000 391995 999
56000 277183 999
56000 220000 999
56000 164814 999
56000 97999 999
56750 277183 499
57000 329628 499
57250 440000 499
57500 277183 749
58000 391995 999
58000 246942 999
58000 195998 999
58000 146832 999
58000 97999 999
58750 391995 499
59000 369994 499
59250 293665 499
59500 246942 749
60000 391995 999
60000 277183 999
60000 220000 999
60000 164814 999
60000 97999 999
60750 277183 499
61000 329628 499
61250 440000 499
61500 277183 749
62000 391995 999
62000 246942 999
62000 195998 999
62000 146832 999
62000 97999 999
62750 391995 499
63000 369994 499
63250 293665 499
63500 246942 749
64000 391995 999
64000 277183 999
64000 220000 999
64000 164814 999
64000 97999 999
64750 277183 499
65000 329628 499
65250 440000 499
65500 277183 749
66000 220000 499
66250 293665 499
66250 220000 499
66500 329628 499
66750 293665 749
67250 277183 499
68000 246942 999
68750 220000 499
74000 146832 1999
74063 220000 1999
74125 293665 1999
78000 293665 499
78250 293665 499
78500 369994 499
78750 440000 499
79000 369994 499
79250 293665 499
79500 369994 499
79750 293665 499
80000 329628 499
80250 554365 499
80500 293665 499
80750 440000 749
81250 293665 499
81500 329628 499
81750 293665 499
82000 293665 499
82250 493883 499
82500 293665 499
82750 391995 499
83250 293665 499
83500 293665 499
83750 293665 499
84000 329628 499
84250 440000 749
84750 293665 499
85000 277183 499
85250 293665 499
85250 246942 499
85500 440000 499
85500 329628 499
85750 277183 499
86000 293665 499
86250 293665 499
86500 369994 499
86500 293665 499
86750 440000 749
86750 369994 749
87250 293665 499
87500 369994 499
87750 293665 499
88000 329628 499
88250 554365 499
88500 293665 499
88750 493883 749
88750 440000 749
89250 293665 499
89500 493883 499
89500 329628 499
89750 293665 499
90000 391995 499
90250 293665 499
90500 493883 499
90500 246942 499
90750 440000 749
90750 293665 749
91250 391995 749
91750 369994 499
92000 329628 499
92250 554365 499
92500 329628 499
92750 293665 499
93000 277183 499
93250 246942 499
93500 440000 499
93500 220000 499
93750 246942 499
94000 293665 749
94500 587330 499
94500 293665 499
94750 440000 749
94750 369994 749
95250 293665 499
95500 369994 499
95750 293665 499
96000 440000 499
96000 329628 499
96250 554365 499
96250 329628 499
96500 293665 499
96750 493883 749
96750 440000 749
97250 293665 499
97500 440000 499
97500 329628 499
97750 293665 499
98000 391995 499
98000 293665 499
98250 493883 499
98250 293665 499
98500 246942 499
98750 440000 499
98750 391995 499
99000 293665 499
99250 493883 499
99500 391995 499
99500 293665 499
99750 293665 499
100000 369994 499
100000 277183 499
100250 329628 499
100500 369994 499
100750 293665 499
101000 277183 499
101250 246942 499
101500 220000 499
101750 195998 499
102000 391995 749
102000 246942 749
102000 195998 749
102000 146832 749
102000 97999 749
102750 391995 1249
102750 246942 1249
102750 195998 1249
102750 146832 1249
102750 97999 1249
104000 391995 749
104000 329628 749
104000 277183 749
104000 220000 749
104000 164814 749
104000 97999 749
104750 277183 1249
104750 220000 1249
104750 164814 1249
104750 97999 1249
104750 391995 499
105250 440000 749
106000 391995 749
106000 246942 749
106000 195998 749
106000 146832 749
106000 97999 749
106750 391995 249
107000 369994 249
107250 293665 249
107500 246942 499
108000 391995 749
108000 277183 749
108000 220000 749
108000 164814 749
108000 97999 749
108750 277183 249
109000 329628 249
109250 440000 249
109500 277183 499
110000 391995 749
110000 246942 749
110000 195998 749
110000 146832 749
110000 97999 749
110750 391995 249
111000 369994 249
111250 293665 249
111500 246942 499
112000 391995 749
112000 277183 749
112000 220000 749
112000 164814 749
112000 97999 749
112750 277183 249
113000 329628 249
113250 440000 249
113500 277183 499
114000 220000 499
114250 293665 499
114250 220000 499
114500 329628 499
114750 293665 749
115250 277183 749
116000 246942 749
116750 220000 3249
124500 493883 999
124500 391995 999
125500 493883 999
125500 391995 999
126500 493883 999
126500 391995 999
127500 493883 999
127500 391995 999
128500 493883 499
128500 391995 499
128750 391995 499
129000 329628 499
129250 261626 499
129500 493883 999
129500 391995 999
129500 195998 499
129750 329628 499
130500 493883 999
130500 391995 999
130750 261626 749
131250 220000 499
131500 195998 499
131750 146832 499
132000 110000 499
132250 164814 499
132500 329628 499
132500 261626 499
132500 220000 499
132750 329628 749
132750 261626 749
132750 220000 749
132750 164814 749
132750 110000 749
133250 329628 499
133250 261626 499
133250 220000 499
133250 164814 499
133500 329628 499
133500 261626 499
133500 220000 499
133500 164814 499
133750 293665 499
133750 195998 499
133750 146832 499
133750 97999 499
134000 220000 499
134250 130813 499
134500 174614 499
134750 261626 499
135000 130813 499
135250 174614 499
135500 220000 749
136000 246942 499
136250 146832 499
136500 195998 499
136750 246942 499
137000 146832 499
137250 195998 499
137500 246942 749
138000 220000 499
138250 130813 499
138500 174614 499
138750 261626 499
139000 130813 499
139250 174614 499
139500 220000 749
140000 246942 499
140250 146832 499
140500 195998 499
140750 246942 499
141000 146832 499
141250 195998 499
141500 246942 749
142000 329628 1999
142000 261626 1999
142000 220000 1999
142000 164814 1999
142000 110000 1999
144000 391995 1999
144000 261626 1999
144000 220000 1999
144000 164814 1999
144000 110000 1999
146000 329628 3499
146000 261626 3499
146000 220000 3499
146000 164814 3499
146000 110000 3499
149500 391995 499
149500 246942 499
149500 195998 499
149500 146832 499
149500 97999 499
150000 369994 749
150000 293665 749
150000 220000 749
150000 146832 749
150750 369994 1249
150750 293665 1249
150750 220000 1249
150750 146832 1249
152000 391995 749
152000 246942 749
152000 195998 749
152000 146832 749
152000 97999 749
152750 329628 499
152750 277183 499
152750 220000 499
152750 164814 499
152750 110000 499
153500 391995 499
153500 246942 499
153500 195998 499
153500 146832 499
153500 97999 499
154000 369994 749
154000 293665 749
154000 220000 749
154000 146832 749
154750 369994 1249
154750 293665 1249
154750 220000 1249
154750 146832 1249
156000 391995 749
156000 246942 749
156000 195998 749
156000 146832 749
156000 97999 749
156750 329628 499
156750 277183 499
156750 220000 499
156750 164814 499
156750 110000 499
157500 391995 499
157500 246942 499
157500 195998 499
157500 146832 499
157500 97999 499
158000 369994 749
158000 293665 749
158000 220000 749
158000 146832 749
158750 369994 1249
158750 293665 1249
158750 220000 1249
158750 146832 1249
160000 391995 749
160000 246942 749
160000 195998 749
160000 146832 749
160000 97999 749
160750 329628 499
160750 277183 499
160750 220000 499
160750 164814 499
160750 110000 499
161500 391995 499
161500 246942 499
161500 195998 499
161500 146832 499
161500 97999 499
162000 293665 999
162750 440000 749
163250 293665 499
163500 369994 499
163750 293665 499
164000 329628 499
164250 554365 499
164500 293665 499
164750 440000 749
165250 293665 499
165500 329628 499
165750 293665 499
166000 293665 499
166250 493883 499
166500 293665 499
166750 391995 499
167250 293665 499
167500 293665 499
167750 293665 499
168000 277183 499
168250 440000 499
168500 277183 499
168750 329628 499
169000 293665 499
169250 277183 499
169500 246942 499
169750 440000 499
170000 293665 499
170250 293665 499
170500 369994 499
170750 440000 749
170750 369994 749
171250 293665 499
171500 369994 499
171750 293665 499
172000 329628 499
172250 554365 499
172500 293665 499
172750 440000 749
173250 293665 499
173500 329628 499
173750 293665 499
174000 293665 499
174250 493883 499
174500 293665 499
174750 391995 499
175250 293665 499
175500 293665 499
175750 293665 499
176000 277183 499
176250 440000 499
176500 277183 499
176750 329628 499
177000 293665 499
177250 277183 499
177500 246942 499
177750 440000 499
177750 220000 499
178000 293665 499
178250 293665 499
178500 369994 499
178750 440000 749
178750 369994 749
179250 293665 499
179500 369994 499
179750 293665 499
180000 329628 499
180250 554365 499
180500 293665 499
180750 440000 749
181250 293665 499
181500 329628 499
181750 293665 499
182000 293665 499
182250 493883 499
182500 293665 499
182750 391995 499
183250 293665 499
183500 293665 499
183750 293665 499
184000 277183 499
184250 440000 499
184500 277183 499
184750 329628 499
185000 293665 499
185250 277183 499
185500 246942 499
185750 440000 499
185750 220000 499
186000 391995 749
186000 246942 749
186000 195998 749
186000 146832 749
186000 97999 749
186750 391995 1249
186750 246942 1249
186750 195998 1249
186750 146832 1249
186750 97999 1249
188000 329628 749
188000 277183 749
188000 220000 749
188000 164814 749
188000 110000 749
188750 329628 1249
188750 277183 1249
188750 220000 1249
188750 164814 1249
188750 110000 1249
190000 391995 749
190000 246942 749
190000 195998 749
190000 146832 749
190000 97999 749
190750 391995 1249
190750 246942 1249
190750 195998 1249
190750 146832 1249
190750 97999 1249
192000 277183 749
192000 220000 749
192000 164814 749
192000 110000 749
192750 277183 1249
192750 220000 1249
192750 164814 1249
192750 110000 1249
194000 391995 749
194000 246942 749
194000 195998 749
194000 146832 749
194000 97999 749
194750 391995 1249
194750 246942 1249
194750 195998 1249
194750 146832 1249
194750 97999 1249
196000 277183 749
196000 220000 749
196000 164814 749
196000 110000 749
196750 277183 1249
196750 220000 1249
196750 164814 1249
196750 110000 1249
198000 220000 499
198250 293665 499
198250 220000 499
198500 329628 499
198750 293665 749
199250 277183 499
199500 329628 749
200000 246942 749
200000 195998 749
200000 146832 749
200000 97999 749
200750 277183 1249
200750 220000 1249
200750 164814 1249
200750 110000 1249
5500 293665 124
5500 391995 124
5500 587330 124
6000 293665 2999
6000 440000 2999
9500 293665 124
9500 391995 124
9500 587330 124
10000 293665 2999
10000 440000 2999
13500 391995 124
13500 587330 124
14000 293665 2999
14000 440000 2999
21500 391995 124
21500 587330 124
22000 293665 2999
22000 440000 2999
29500 391995 124
29500 587330 124
30000 293665 1999
30000 440000 1999
37500 391995 124
37500 587330 124
38000 293665 1999
38000 440000 1999
45500 391995 124
45500 587330 124
46000 293665 1999
46000 440000 1999
53500 391995 124
53500 587330 124
57500 391995 124
57500 587330 124
58000 293665 1999
58000 440000 1999
65500 391995 124
65500 587330 124
66000 293665 1999
66000 440000 1999
77500 293665 124
77500 391995 124
77500 587330 124
78000 293665 1999
78000 440000 1999
85500 391995 124
85500 587330 124
86000 293665 1999
86000 440000 1999
93500 391995 124
93500 587330 124
94000 293665 1999
94000 440000 1999
101500 391995 124
101500 587330 124
105500 391995 124
105500 587330 124
106000 293665 1999
106000 440000 1999
113500 391995 124
113500 587330 124
114000 293665 1999
114000 440000 1999
136000 293665 249
136250 293665 249
136500 293665 249
136750 293665 249
137000 293665 249
137250 293665 249
137500 293665 249
137750 293665 249
138000 329628 249
140250 293665 249
140750 293665 249
141250 293665 249
141750 293665 249
143500 440000 499
144000 440000 499
144500 440000 499
145000 440000 499
198000 293665 1999
205500 293665 124
205500 391995 124
205500 587330 124
206000 293665 1999
206000 440000 1999