20160 79 960 
21120 79 720 
21840 79 240 
22080 79 480 
22560 76 480 
23040 74 480 
23520 74 240 
23760 72 167 
23927 72 73 
24000 76 3360 
27360 72 480 
27840 79 960 
28800 79 720 
29520 72 240 
29760 84 480 
30240 83 240 
30480 81 240 
30720 79 480 
31200 79 240 
31440 81 240 
31680 79 960 
32640 76 320 
32960 77 320 
33280 76 320 
33600 74 1440 
35040 72 480 
35520 79 960 
36480 79 720 
37200 79 240 
37440 79 480 
37920 76 480 
38400 74 480 
38880 74 240 
39120 72 240 
39360 76 2400 
41760 67 480 
42240 72 240 
42480 74 240 
42720 76 240 
42960 74 480 
43440 72 240 
43680 72 240 
43920 69 240 
44160 72 480 
44640 72 240 
44880 72 720 
45600 65 480 
46080 72 240 
46320 74 240 
46560 76 240 
46800 74 480 
47280 67 240 
47520 72 480 
48000 79 480 
48480 72 240 
48720 74 720 
49440 67 480 
49920 72 240 
50160 74 240 
50400 76 240 
50640 74 480 
51120 72 240 
51360 72 240 
51600 69 240 
51840 72 480 
52320 72 240 
52560 72 720 
53280 65 480 
53760 72 240 
54000 74 240 
54240 76 240 
54480 74 720 
55200 67 480 
55680 79 480 
56160 72 240 
56400 74 1440 
57840 72 240 
58080 74 240 
58320 72 1607 